$theta
    theta[1]     theta[2]     theta[3]     theta[4]     theta[5]     theta[6]     theta[7]     theta[8]     theta[9]    theta[10]    theta[11]    theta[12]    theta[13]    theta[14] 
 0.277237394  0.190856137 -0.003561373  0.298127351 -0.195418391 -0.368963717  0.540852826  0.270704978  0.760171863  0.177435939  0.533873073  0.493063668 -0.240579262  0.924761499 
   theta[15]    theta[16]    theta[17]    theta[18]    theta[19]    theta[20]    theta[21]    theta[22]    theta[23]    theta[24]    theta[25]    theta[26]    theta[27]    theta[28] 
 0.051966491 -0.660271295  0.165191755 -0.255139816 -0.784721563  0.150795794  0.321810119 -0.044801067 -0.800978938 -0.551682856  0.070559573 -0.052687205 -0.575901571  0.588251543 
   theta[29]    theta[30]    theta[31]    theta[32]    theta[33]    theta[34] 
 0.226440975 -0.192190025  0.844128147  0.366730648  0.197629278 -0.349313447 

$alpha_r
 alpha_r[1]  alpha_r[2]  alpha_r[3]  alpha_r[4]  alpha_r[5]  alpha_r[6]  alpha_r[7]  alpha_r[8]  alpha_r[9] alpha_r[10] alpha_r[11] alpha_r[12] alpha_r[13] alpha_r[14] alpha_r[15] 
  1.0424120   1.8662475   1.3852055   2.1264113   1.3052990   0.9441408   1.8589031   1.5516525   1.4208773   1.3283677   1.0693819   0.9053966   1.0517885   0.9014074   2.0337992 
alpha_r[16] alpha_r[17] alpha_r[18] alpha_r[19] alpha_r[20] alpha_r[21] alpha_r[22] alpha_r[23] alpha_r[24] alpha_r[25] alpha_r[26] alpha_r[27] alpha_r[28] alpha_r[29] alpha_r[30] 
  1.1052832   1.0166690   1.4788319   1.9650826   2.2628999   2.0305242   1.4018818   1.2471222   0.4334874   0.9503591   2.7486094   0.7729555   1.1238179   1.8601060   0.6978319 
alpha_r[31] alpha_r[32] alpha_r[33] alpha_r[34] 
  1.2531359   1.4606528   1.4159943   2.3874604 

$alpha_rt
                  alpha_rt[1,1]   alpha_rt[1,2]   alpha_rt[1,3]   alpha_rt[1,4]   alpha_rt[1,5]   alpha_rt[1,6]   alpha_rt[1,7]   alpha_rt[1,8]   alpha_rt[1,9]  alpha_rt[1,10] 
   3.223682e+01    1.523020e-02   -4.480280e-02   -1.574296e-03    6.610789e-02    9.081595e-02    6.987353e-02    5.986089e-02    6.188131e-02    5.124101e-02    4.392969e-02 
 alpha_rt[1,11]  alpha_rt[1,12]  alpha_rt[1,13]  alpha_rt[1,14]  alpha_rt[1,15]  alpha_rt[1,16]  alpha_rt[1,17]  alpha_rt[1,18]  alpha_rt[1,19]  alpha_rt[1,20]  alpha_rt[1,21] 
   7.400875e-02    1.447261e-01    1.170433e-01    9.828738e-02    1.107083e-01    1.388725e-01    1.275588e-01    9.463532e-02    1.031084e-01    9.855209e-02    4.290304e-02 
 alpha_rt[1,22]  alpha_rt[1,23]  alpha_rt[1,24]  alpha_rt[1,25]  alpha_rt[1,26]  alpha_rt[1,27]  alpha_rt[1,28]  alpha_rt[1,29]  alpha_rt[1,30]  alpha_rt[1,31]  alpha_rt[1,32] 
   7.148937e-02    4.766128e-02    4.647739e-02    7.445155e-02    8.223795e-02    8.176920e-02    9.038252e-02    5.439881e-02    6.982048e-02    1.028379e-01    8.949117e-02 
 alpha_rt[1,33]  alpha_rt[1,34]   alpha_rt[2,1]   alpha_rt[2,2]   alpha_rt[2,3]   alpha_rt[2,4]   alpha_rt[2,5]   alpha_rt[2,6]   alpha_rt[2,7]   alpha_rt[2,8]   alpha_rt[2,9] 
   7.935483e-02    7.708243e-02   -4.678178e-02   -1.542372e-02   -2.495961e-02   -4.697657e-02   -3.917981e-02   -1.857617e-02   -4.478776e-02   -5.458440e-02   -5.595346e-02 
 alpha_rt[2,10]  alpha_rt[2,11]  alpha_rt[2,12]  alpha_rt[2,13]  alpha_rt[2,14]  alpha_rt[2,15]  alpha_rt[2,16]  alpha_rt[2,17]  alpha_rt[2,18]  alpha_rt[2,19]  alpha_rt[2,20] 
  -6.153869e-02   -6.124992e-02   -6.978343e-02   -5.196056e-02   -6.411656e-02   -1.125246e-01   -1.001157e-01   -5.120371e-02   -3.567155e-02   -5.891879e-02   -2.395865e-02 
 alpha_rt[2,21]  alpha_rt[2,22]  alpha_rt[2,23]  alpha_rt[2,24]  alpha_rt[2,25]  alpha_rt[2,26]  alpha_rt[2,27]  alpha_rt[2,28]  alpha_rt[2,29]  alpha_rt[2,30]  alpha_rt[2,31] 
  -3.895327e-02    6.874463e-03    2.862129e-02    2.081535e-02    2.716885e-03   -2.452705e-02    2.789720e-02    5.625751e-02    3.341792e-04   -3.475076e-02   -9.700740e-03 
 alpha_rt[2,32]  alpha_rt[2,33]  alpha_rt[2,34]   alpha_rt[3,1]   alpha_rt[3,2]   alpha_rt[3,3]   alpha_rt[3,4]   alpha_rt[3,5]   alpha_rt[3,6]   alpha_rt[3,7]   alpha_rt[3,8] 
  -2.631682e-02   -2.346969e-02   -2.647952e-02   -4.033552e-02   -4.436978e-02   -7.538396e-02   -8.449373e-02   -8.694196e-02   -4.499848e-02   -3.217429e-02   -2.744239e-02 
  alpha_rt[3,9]  alpha_rt[3,10]  alpha_rt[3,11]  alpha_rt[3,12]  alpha_rt[3,13]  alpha_rt[3,14]  alpha_rt[3,15]  alpha_rt[3,16]  alpha_rt[3,17]  alpha_rt[3,18]  alpha_rt[3,19] 
  -5.034558e-02   -3.033073e-02    2.532177e-02    4.979512e-02    6.473403e-02    1.911236e-02    2.009234e-02    2.887512e-02    1.911194e-02    1.734958e-02    2.178525e-02 
 alpha_rt[3,20]  alpha_rt[3,21]  alpha_rt[3,22]  alpha_rt[3,23]  alpha_rt[3,24]  alpha_rt[3,25]  alpha_rt[3,26]  alpha_rt[3,27]  alpha_rt[3,28]  alpha_rt[3,29]  alpha_rt[3,30] 
  -1.735694e-02   -5.300510e-02   -7.961379e-02   -7.307592e-02   -8.992195e-02   -7.471262e-02   -1.171822e-01   -1.148889e-01   -1.002063e-01   -1.439886e-01   -1.062018e-01 
 alpha_rt[3,31]  alpha_rt[3,32]  alpha_rt[3,33]  alpha_rt[3,34]   alpha_rt[4,1]   alpha_rt[4,2]   alpha_rt[4,3]   alpha_rt[4,4]   alpha_rt[4,5]   alpha_rt[4,6]   alpha_rt[4,7] 
  -9.838595e-02   -3.757647e-02   -1.792864e-02   -1.665694e-02    3.413055e-02    4.192648e-02    8.096741e-03    2.835431e-03   -2.077370e-02    9.531132e-03    1.975275e-02 
  alpha_rt[4,8]   alpha_rt[4,9]  alpha_rt[4,10]  alpha_rt[4,11]  alpha_rt[4,12]  alpha_rt[4,13]  alpha_rt[4,14]  alpha_rt[4,15]  alpha_rt[4,16]  alpha_rt[4,17]  alpha_rt[4,18] 
   1.030164e-02   -3.228765e-02   -1.888124e-02   -1.628564e-02   -2.219427e-02    5.531475e-03    1.039855e-02    1.510006e-02    6.937971e-02    3.067459e-02    7.528387e-02 
 alpha_rt[4,19]  alpha_rt[4,20]  alpha_rt[4,21]  alpha_rt[4,22]  alpha_rt[4,23]  alpha_rt[4,24]  alpha_rt[4,25]  alpha_rt[4,26]  alpha_rt[4,27]  alpha_rt[4,28]  alpha_rt[4,29] 
   7.228676e-02    6.839144e-02    8.198014e-02    1.002233e-01    8.364577e-02    7.497335e-02    9.846730e-02    8.495715e-02    1.040742e-01    7.004117e-02    5.790113e-02 
 alpha_rt[4,30]  alpha_rt[4,31]  alpha_rt[4,32]  alpha_rt[4,33]  alpha_rt[4,34]   alpha_rt[5,1]   alpha_rt[5,2]   alpha_rt[5,3]   alpha_rt[5,4]   alpha_rt[5,5]   alpha_rt[5,6] 
   8.007566e-02    3.870495e-02    2.783185e-02   -4.272242e-03    1.394692e-03   -2.979085e-02   -2.053230e-02    2.293979e-02    5.208695e-02    3.182917e-02    8.625120e-03 
  alpha_rt[5,7]   alpha_rt[5,8]   alpha_rt[5,9]  alpha_rt[5,10]  alpha_rt[5,11]  alpha_rt[5,12]  alpha_rt[5,13]  alpha_rt[5,14]  alpha_rt[5,15]  alpha_rt[5,16]  alpha_rt[5,17] 
   5.439394e-03    3.327077e-02    3.002366e-02    3.106121e-02   -1.166192e-02   -7.665877e-03    4.365290e-02    1.682033e-02   -7.417050e-03   -1.806691e-02   -2.064124e-02 
 alpha_rt[5,18]  alpha_rt[5,19]  alpha_rt[5,20]  alpha_rt[5,21]  alpha_rt[5,22]  alpha_rt[5,23]  alpha_rt[5,24]  alpha_rt[5,25]  alpha_rt[5,26]  alpha_rt[5,27]  alpha_rt[5,28] 
   4.284170e-02    3.278778e-02    1.332855e-02    3.927490e-02    1.738378e-02    3.980697e-02    3.221524e-02    5.295603e-02    2.097344e-02    9.649679e-03   -8.312274e-03 
 alpha_rt[5,29]  alpha_rt[5,30]  alpha_rt[5,31]  alpha_rt[5,32]  alpha_rt[5,33]  alpha_rt[5,34]   alpha_rt[6,1]   alpha_rt[6,2]   alpha_rt[6,3]   alpha_rt[6,4]   alpha_rt[6,5] 
  -5.147267e-03   -3.070207e-02    2.192500e-02    2.948152e-02    9.860566e-02    8.470449e-02   -2.561571e-02   -1.291719e-02   -1.226634e-02    1.645470e-03   -2.861907e-02 
  alpha_rt[6,6]   alpha_rt[6,7]   alpha_rt[6,8]   alpha_rt[6,9]  alpha_rt[6,10]  alpha_rt[6,11]  alpha_rt[6,12]  alpha_rt[6,13]  alpha_rt[6,14]  alpha_rt[6,15]  alpha_rt[6,16] 
  -1.208745e-02   -3.839083e-03   -2.857307e-02   -2.153889e-02   -1.584753e-02   -3.312211e-03   -8.012366e-03    6.804974e-04    8.810332e-04    1.878867e-02    1.027665e-01 
 alpha_rt[6,17]  alpha_rt[6,18]  alpha_rt[6,19]  alpha_rt[6,20]  alpha_rt[6,21]  alpha_rt[6,22]  alpha_rt[6,23]  alpha_rt[6,24]  alpha_rt[6,25]  alpha_rt[6,26]  alpha_rt[6,27] 
   9.207372e-02    7.643337e-02    5.133830e-02    4.919335e-02    3.975396e-02    2.670233e-02    2.661799e-02    8.291874e-02    9.072000e-02    9.310103e-02    7.073743e-02 
 alpha_rt[6,28]  alpha_rt[6,29]  alpha_rt[6,30]  alpha_rt[6,31]  alpha_rt[6,32]  alpha_rt[6,33]  alpha_rt[6,34]   alpha_rt[7,1]   alpha_rt[7,2]   alpha_rt[7,3]   alpha_rt[7,4] 
   2.850346e-02    4.929123e-02    7.627641e-02    1.193451e-01    9.971548e-02    1.203633e-01    1.565345e-01   -2.842563e-03   -2.708355e-03   -3.801437e-03   -5.970233e-03 
  alpha_rt[7,5]   alpha_rt[7,6]   alpha_rt[7,7]   alpha_rt[7,8]   alpha_rt[7,9]  alpha_rt[7,10]  alpha_rt[7,11]  alpha_rt[7,12]  alpha_rt[7,13]  alpha_rt[7,14]  alpha_rt[7,15] 
  -2.079464e-02   -2.251805e-02    1.213654e-02    3.867775e-02    2.640098e-02    3.453724e-02    8.502346e-02    4.788387e-02    5.876135e-02    3.179398e-02    1.902296e-02 
 alpha_rt[7,16]  alpha_rt[7,17]  alpha_rt[7,18]  alpha_rt[7,19]  alpha_rt[7,20]  alpha_rt[7,21]  alpha_rt[7,22]  alpha_rt[7,23]  alpha_rt[7,24]  alpha_rt[7,25]  alpha_rt[7,26] 
   2.643488e-03    2.382017e-02   -2.317190e-02   -3.180366e-02   -5.656347e-02   -7.843517e-02   -1.141393e-01   -1.428682e-01   -1.153753e-01   -1.123389e-01   -1.127589e-01 
 alpha_rt[7,27]  alpha_rt[7,28]  alpha_rt[7,29]  alpha_rt[7,30]  alpha_rt[7,31]  alpha_rt[7,32]  alpha_rt[7,33]  alpha_rt[7,34]   alpha_rt[8,1]   alpha_rt[8,2]   alpha_rt[8,3] 
  -1.312567e-01   -1.942646e-01   -2.034485e-01   -1.984353e-01   -1.764451e-01   -1.644336e-01   -1.230232e-01   -1.294087e-01    4.478138e-02    4.891988e-02    6.603264e-02 
  alpha_rt[8,4]   alpha_rt[8,5]   alpha_rt[8,6]   alpha_rt[8,7]   alpha_rt[8,8]   alpha_rt[8,9]  alpha_rt[8,10]  alpha_rt[8,11]  alpha_rt[8,12]  alpha_rt[8,13]  alpha_rt[8,14] 
   2.888521e-02    2.027841e-02    2.298497e-02    7.120269e-03    1.186963e-02    2.047864e-02   -5.397381e-03    2.696161e-02    4.610780e-02    9.834716e-02    1.157019e-01 
 alpha_rt[8,15]  alpha_rt[8,16]  alpha_rt[8,17]  alpha_rt[8,18]  alpha_rt[8,19]  alpha_rt[8,20]  alpha_rt[8,21]  alpha_rt[8,22]  alpha_rt[8,23]  alpha_rt[8,24]  alpha_rt[8,25] 
   9.609456e-02    2.071394e-02   -1.004501e-02   -1.816451e-02    2.025547e-02    1.577794e-02    2.419978e-02   -1.024021e-02    9.398813e-03    3.043679e-02    4.343526e-02 
 alpha_rt[8,26]  alpha_rt[8,27]  alpha_rt[8,28]  alpha_rt[8,29]  alpha_rt[8,30]  alpha_rt[8,31]  alpha_rt[8,32]  alpha_rt[8,33]  alpha_rt[8,34]   alpha_rt[9,1]   alpha_rt[9,2] 
   5.058963e-02    5.207031e-02    6.767872e-02    5.540085e-02    4.601983e-02    8.609257e-03   -1.059030e-02   -6.867843e-03    1.428302e-02   -2.324670e-02   -2.307389e-02 
  alpha_rt[9,3]   alpha_rt[9,4]   alpha_rt[9,5]   alpha_rt[9,6]   alpha_rt[9,7]   alpha_rt[9,8]   alpha_rt[9,9]  alpha_rt[9,10]  alpha_rt[9,11]  alpha_rt[9,12]  alpha_rt[9,13] 
  -8.697996e-03   -2.737662e-02   -4.392011e-02   -2.267279e-02   -1.050624e-02    2.804982e-02    2.803179e-04    2.295544e-02    8.119342e-03    2.115463e-02    3.171261e-02 
 alpha_rt[9,14]  alpha_rt[9,15]  alpha_rt[9,16]  alpha_rt[9,17]  alpha_rt[9,18]  alpha_rt[9,19]  alpha_rt[9,20]  alpha_rt[9,21]  alpha_rt[9,22]  alpha_rt[9,23]  alpha_rt[9,24] 
  -6.899724e-03   -3.932044e-03   -3.292971e-02   -5.483531e-02   -4.824531e-02   -8.016046e-02   -7.526137e-02   -1.373481e-01   -1.560905e-01   -1.534638e-01   -1.225930e-01 
 alpha_rt[9,25]  alpha_rt[9,26]  alpha_rt[9,27]  alpha_rt[9,28]  alpha_rt[9,29]  alpha_rt[9,30]  alpha_rt[9,31]  alpha_rt[9,32]  alpha_rt[9,33]  alpha_rt[9,34]  alpha_rt[10,1] 
  -1.440754e-01   -1.845611e-01   -2.346795e-01   -2.397996e-01   -2.564688e-01   -2.691141e-01   -2.500020e-01   -1.872744e-01   -1.305415e-01   -1.343181e-01    7.795068e-04 
 alpha_rt[10,2]  alpha_rt[10,3]  alpha_rt[10,4]  alpha_rt[10,5]  alpha_rt[10,6]  alpha_rt[10,7]  alpha_rt[10,8]  alpha_rt[10,9] alpha_rt[10,10] alpha_rt[10,11] alpha_rt[10,12] 
   4.680372e-02    3.666677e-02    2.840000e-02    2.354217e-02    5.500534e-02    4.937047e-02   -1.314639e-02   -3.927940e-02   -5.086653e-02   -5.425938e-02   -6.583181e-02 
alpha_rt[10,13] alpha_rt[10,14] alpha_rt[10,15] alpha_rt[10,16] alpha_rt[10,17] alpha_rt[10,18] alpha_rt[10,19] alpha_rt[10,20] alpha_rt[10,21] alpha_rt[10,22] alpha_rt[10,23] 
  -5.196396e-02   -2.734687e-02   -6.891934e-02   -6.609988e-02   -5.933964e-02   -8.614102e-02   -6.109489e-02   -9.198926e-02   -5.218283e-02   -6.244685e-02   -8.911817e-02 
alpha_rt[10,24] alpha_rt[10,25] alpha_rt[10,26] alpha_rt[10,27] alpha_rt[10,28] alpha_rt[10,29] alpha_rt[10,30] alpha_rt[10,31] alpha_rt[10,32] alpha_rt[10,33] alpha_rt[10,34] 
  -8.793062e-02   -8.855065e-02   -8.671666e-02   -9.855993e-02   -1.193305e-01   -1.107145e-01   -1.427995e-01   -1.221993e-01   -1.270801e-01   -1.025105e-01   -8.784842e-02 
 alpha_rt[11,1]  alpha_rt[11,2]  alpha_rt[11,3]  alpha_rt[11,4]  alpha_rt[11,5]  alpha_rt[11,6]  alpha_rt[11,7]  alpha_rt[11,8]  alpha_rt[11,9] alpha_rt[11,10] alpha_rt[11,11] 
  -9.754488e-04    1.229577e-02    1.326112e-02    3.248733e-03   -6.558756e-03    2.851659e-03   -3.256700e-02   -2.608343e-02   -2.386648e-02   -6.246437e-03    5.190811e-02 
alpha_rt[11,12] alpha_rt[11,13] alpha_rt[11,14] alpha_rt[11,15] alpha_rt[11,16] alpha_rt[11,17] alpha_rt[11,18] alpha_rt[11,19] alpha_rt[11,20] alpha_rt[11,21] alpha_rt[11,22] 
   8.938284e-02    8.420007e-02    8.586303e-02    5.392900e-02    6.495814e-02    8.030261e-02    1.610424e-01    1.496632e-01    1.696539e-01    1.399272e-01    1.149646e-01 
alpha_rt[11,23] alpha_rt[11,24] alpha_rt[11,25] alpha_rt[11,26] alpha_rt[11,27] alpha_rt[11,28] alpha_rt[11,29] alpha_rt[11,30] alpha_rt[11,31] alpha_rt[11,32] alpha_rt[11,33] 
   1.047018e-01    1.377994e-01    1.543691e-01    1.583064e-01    1.200448e-01    1.310419e-01    1.009714e-01    9.658414e-02    4.825158e-02    3.111925e-02    3.884377e-02 
alpha_rt[11,34]  alpha_rt[12,1]  alpha_rt[12,2]  alpha_rt[12,3]  alpha_rt[12,4]  alpha_rt[12,5]  alpha_rt[12,6]  alpha_rt[12,7]  alpha_rt[12,8]  alpha_rt[12,9] alpha_rt[12,10] 
   2.051379e-03    2.181698e-03    5.665254e-03    5.164852e-02    7.907947e-02    3.394205e-02    6.176266e-02    9.065207e-02    6.980868e-02    5.672029e-02    1.083521e-02 
alpha_rt[12,11] alpha_rt[12,12] alpha_rt[12,13] alpha_rt[12,14] alpha_rt[12,15] alpha_rt[12,16] alpha_rt[12,17] alpha_rt[12,18] alpha_rt[12,19] alpha_rt[12,20] alpha_rt[12,21] 
  -1.181488e-03   -1.084569e-02   -4.334448e-02   -4.089520e-02   -5.045252e-02   -3.328770e-02   -5.878989e-02   -6.506239e-02   -8.549659e-02   -5.533530e-02   -3.468621e-02 
alpha_rt[12,22] alpha_rt[12,23] alpha_rt[12,24] alpha_rt[12,25] alpha_rt[12,26] alpha_rt[12,27] alpha_rt[12,28] alpha_rt[12,29] alpha_rt[12,30] alpha_rt[12,31] alpha_rt[12,32] 
  -4.296709e-02   -4.798041e-02   -3.812743e-02   -3.523012e-02   -3.396416e-02   -7.657087e-02   -7.177109e-02   -7.242464e-02   -9.131109e-02   -8.142483e-02   -1.038888e-01 
alpha_rt[12,33] alpha_rt[12,34]  alpha_rt[13,1]  alpha_rt[13,2]  alpha_rt[13,3]  alpha_rt[13,4]  alpha_rt[13,5]  alpha_rt[13,6]  alpha_rt[13,7]  alpha_rt[13,8]  alpha_rt[13,9] 
  -7.315551e-02   -8.919049e-02   -1.923455e-02   -7.017773e-02   -8.328409e-02   -3.745235e-02   -4.893129e-02   -2.224060e-02   -5.629627e-02   -6.714733e-02   -8.361939e-02 
alpha_rt[13,10] alpha_rt[13,11] alpha_rt[13,12] alpha_rt[13,13] alpha_rt[13,14] alpha_rt[13,15] alpha_rt[13,16] alpha_rt[13,17] alpha_rt[13,18] alpha_rt[13,19] alpha_rt[13,20] 
  -1.121243e-01   -1.312985e-01   -1.446251e-01   -1.032208e-01   -6.431259e-02   -9.041857e-02   -6.819303e-02   -2.192409e-02   -2.786429e-02   -3.622839e-02   -3.244399e-02 
alpha_rt[13,21] alpha_rt[13,22] alpha_rt[13,23] alpha_rt[13,24] alpha_rt[13,25] alpha_rt[13,26] alpha_rt[13,27] alpha_rt[13,28] alpha_rt[13,29] alpha_rt[13,30] alpha_rt[13,31] 
  -6.882594e-03   -3.032928e-02   -2.205291e-02    1.656023e-02   -1.338125e-02   -4.201426e-02   -9.564520e-02   -1.376828e-01   -1.546426e-01   -1.367865e-01   -1.119125e-01 
alpha_rt[13,32] alpha_rt[13,33] alpha_rt[13,34]  alpha_rt[14,1]  alpha_rt[14,2]  alpha_rt[14,3]  alpha_rt[14,4]  alpha_rt[14,5]  alpha_rt[14,6]  alpha_rt[14,7]  alpha_rt[14,8] 
  -1.133588e-01   -1.233879e-01   -1.675650e-01   -3.898668e-02   -7.068027e-02   -1.231434e-01   -1.061931e-01   -6.911868e-02   -7.153304e-02   -4.371308e-02   -6.795248e-02 
 alpha_rt[14,9] alpha_rt[14,10] alpha_rt[14,11] alpha_rt[14,12] alpha_rt[14,13] alpha_rt[14,14] alpha_rt[14,15] alpha_rt[14,16] alpha_rt[14,17] alpha_rt[14,18] alpha_rt[14,19] 
  -7.265650e-02   -6.941840e-02   -9.904305e-02   -1.208455e-01   -8.175594e-02   -5.370533e-02   -5.803274e-02   -6.086236e-02   -8.912861e-02   -6.788107e-02   -7.554008e-02 
alpha_rt[14,20] alpha_rt[14,21] alpha_rt[14,22] alpha_rt[14,23] alpha_rt[14,24] alpha_rt[14,25] alpha_rt[14,26] alpha_rt[14,27] alpha_rt[14,28] alpha_rt[14,29] alpha_rt[14,30] 
  -9.672505e-02   -1.610103e-01   -1.300923e-01   -1.352907e-01   -1.288091e-01   -1.319628e-01   -1.320079e-01   -9.554041e-02   -1.337322e-01   -1.144739e-01   -5.774185e-02 
alpha_rt[14,31] alpha_rt[14,32] alpha_rt[14,33] alpha_rt[14,34]  alpha_rt[15,1]  alpha_rt[15,2]  alpha_rt[15,3]  alpha_rt[15,4]  alpha_rt[15,5]  alpha_rt[15,6]  alpha_rt[15,7] 
  -8.402353e-02   -6.505954e-02   -6.984667e-03    2.468106e-02    9.682247e-03    1.920464e-02   -1.455760e-02    4.439649e-02    8.315748e-02    3.611065e-02    1.141159e-02 
 alpha_rt[15,8]  alpha_rt[15,9] alpha_rt[15,10] alpha_rt[15,11] alpha_rt[15,12] alpha_rt[15,13] alpha_rt[15,14] alpha_rt[15,15] alpha_rt[15,16] alpha_rt[15,17] alpha_rt[15,18] 
   3.114606e-02    1.145328e-02   -1.932916e-02   -5.255979e-02   -2.778390e-02   -4.551094e-02   -7.954064e-02   -9.089514e-02   -9.537345e-02   -1.002657e-01   -8.456904e-02 
alpha_rt[15,19] alpha_rt[15,20] alpha_rt[15,21] alpha_rt[15,22] alpha_rt[15,23] alpha_rt[15,24] alpha_rt[15,25] alpha_rt[15,26] alpha_rt[15,27] alpha_rt[15,28] alpha_rt[15,29] 
  -5.123048e-02   -8.236627e-02   -4.339931e-02   -1.009254e-01   -9.265015e-02   -1.365233e-01   -1.611807e-01   -1.669330e-01   -1.636337e-01   -1.575651e-01   -1.566818e-01 
alpha_rt[15,30] alpha_rt[15,31] alpha_rt[15,32] alpha_rt[15,33] alpha_rt[15,34]  alpha_rt[16,1]  alpha_rt[16,2]  alpha_rt[16,3]  alpha_rt[16,4]  alpha_rt[16,5]  alpha_rt[16,6] 
  -1.654640e-01   -1.583054e-01   -1.314594e-01   -1.159144e-01   -1.064094e-01   -2.087020e-02   -3.346140e-02   -2.911297e-03    5.593390e-03   -3.229768e-02   -2.173835e-02 
 alpha_rt[16,7]  alpha_rt[16,8]  alpha_rt[16,9] alpha_rt[16,10] alpha_rt[16,11] alpha_rt[16,12] alpha_rt[16,13] alpha_rt[16,14] alpha_rt[16,15] alpha_rt[16,16] alpha_rt[16,17] 
  -1.792227e-03   -4.713486e-02   -6.461683e-02   -4.787993e-02   -7.076783e-02   -8.182774e-02   -7.958679e-02   -7.261923e-02   -4.389755e-02   -7.095407e-02   -5.689905e-02 
alpha_rt[16,18] alpha_rt[16,19] alpha_rt[16,20] alpha_rt[16,21] alpha_rt[16,22] alpha_rt[16,23] alpha_rt[16,24] alpha_rt[16,25] alpha_rt[16,26] alpha_rt[16,27] alpha_rt[16,28] 
  -4.010079e-02   -3.635453e-02   -4.695613e-02   -6.348742e-02   -5.179743e-02   -4.927514e-02   -5.638400e-02   -7.047246e-02   -8.862674e-02   -8.547799e-02   -7.911578e-02 
alpha_rt[16,29] alpha_rt[16,30] alpha_rt[16,31] alpha_rt[16,32] alpha_rt[16,33] alpha_rt[16,34]  alpha_rt[17,1]  alpha_rt[17,2]  alpha_rt[17,3]  alpha_rt[17,4]  alpha_rt[17,5] 
  -7.321783e-02   -5.631770e-02   -8.448368e-02   -8.244466e-02   -8.857522e-02   -5.897689e-02    1.800400e-02   -1.026594e-02   -9.272086e-03    1.792779e-02    4.067111e-02 
 alpha_rt[17,6]  alpha_rt[17,7]  alpha_rt[17,8]  alpha_rt[17,9] alpha_rt[17,10] alpha_rt[17,11] alpha_rt[17,12] alpha_rt[17,13] alpha_rt[17,14] alpha_rt[17,15] alpha_rt[17,16] 
   1.651877e-02    2.655491e-03   -1.596011e-02    5.438526e-03   -3.549015e-03   -6.800538e-03   -5.277351e-03   -1.314503e-02   -4.630070e-02   -7.834719e-02   -6.811486e-02 
alpha_rt[17,17] alpha_rt[17,18] alpha_rt[17,19] alpha_rt[17,20] alpha_rt[17,21] alpha_rt[17,22] alpha_rt[17,23] alpha_rt[17,24] alpha_rt[17,25] alpha_rt[17,26] alpha_rt[17,27] 
  -3.413986e-02   -6.493367e-02   -1.043803e-01   -1.136781e-01   -1.221317e-01   -1.049764e-01   -8.851719e-02   -8.915565e-02   -1.261385e-01   -1.346634e-01   -9.845888e-02 
alpha_rt[17,28] alpha_rt[17,29] alpha_rt[17,30] alpha_rt[17,31] alpha_rt[17,32] alpha_rt[17,33] alpha_rt[17,34]  alpha_rt[18,1]  alpha_rt[18,2]  alpha_rt[18,3]  alpha_rt[18,4] 
  -1.255536e-01   -1.233478e-01   -1.115210e-01   -1.058052e-01   -1.296102e-01   -1.422618e-01   -1.669856e-01    2.028796e-02   -1.695756e-02   -1.122112e-02   -4.011106e-02 
 alpha_rt[18,5]  alpha_rt[18,6]  alpha_rt[18,7]  alpha_rt[18,8]  alpha_rt[18,9] alpha_rt[18,10] alpha_rt[18,11] alpha_rt[18,12] alpha_rt[18,13] alpha_rt[18,14] alpha_rt[18,15] 
  -2.455823e-02   -4.256121e-02   -2.783913e-02   -6.151531e-02   -7.422330e-02   -6.290906e-02   -6.842525e-02   -1.052788e-01   -1.103993e-01   -1.356690e-01   -1.525513e-01 
alpha_rt[18,16] alpha_rt[18,17] alpha_rt[18,18] alpha_rt[18,19] alpha_rt[18,20] alpha_rt[18,21] alpha_rt[18,22] alpha_rt[18,23] alpha_rt[18,24] alpha_rt[18,25] alpha_rt[18,26] 
  -9.757952e-02   -7.827346e-02   -8.959964e-02   -7.779202e-02   -7.687510e-02   -7.722042e-02   -9.555592e-02   -1.169581e-01   -6.716362e-02   -1.015220e-01   -1.234964e-01 
alpha_rt[18,27] alpha_rt[18,28] alpha_rt[18,29] alpha_rt[18,30] alpha_rt[18,31] alpha_rt[18,32] alpha_rt[18,33] alpha_rt[18,34]  alpha_rt[19,1]  alpha_rt[19,2]  alpha_rt[19,3] 
  -1.045282e-01   -6.827771e-02   -4.857339e-02   -1.365328e-02   -8.308168e-03    3.241335e-03    1.693267e-03    2.904054e-02    1.108448e-02   -2.754501e-02    1.398689e-02 
 alpha_rt[19,4]  alpha_rt[19,5]  alpha_rt[19,6]  alpha_rt[19,7]  alpha_rt[19,8]  alpha_rt[19,9] alpha_rt[19,10] alpha_rt[19,11] alpha_rt[19,12] alpha_rt[19,13] alpha_rt[19,14] 
   9.668667e-03   -1.311216e-02   -2.768930e-02   -3.738040e-02   -5.912487e-02   -4.078895e-02   -1.024294e-02    4.350316e-03   -8.671171e-03   -2.248105e-02    2.036683e-02 
alpha_rt[19,15] alpha_rt[19,16] alpha_rt[19,17] alpha_rt[19,18] alpha_rt[19,19] alpha_rt[19,20] alpha_rt[19,21] alpha_rt[19,22] alpha_rt[19,23] alpha_rt[19,24] alpha_rt[19,25] 
  -6.244397e-05   -5.343545e-02   -7.487116e-02   -7.367875e-02   -9.301751e-02   -9.434444e-02   -1.239263e-01   -1.232638e-01   -1.336924e-01   -1.530108e-01   -1.763113e-01 
alpha_rt[19,26] alpha_rt[19,27] alpha_rt[19,28] alpha_rt[19,29] alpha_rt[19,30] alpha_rt[19,31] alpha_rt[19,32] alpha_rt[19,33] alpha_rt[19,34]  alpha_rt[20,1]  alpha_rt[20,2] 
  -1.582308e-01   -1.560611e-01   -1.474450e-01   -1.521256e-01   -1.631682e-01   -1.354082e-01   -9.485500e-02   -5.481926e-02   -2.714042e-02    2.891712e-02   -2.244466e-03 
 alpha_rt[20,3]  alpha_rt[20,4]  alpha_rt[20,5]  alpha_rt[20,6]  alpha_rt[20,7]  alpha_rt[20,8]  alpha_rt[20,9] alpha_rt[20,10] alpha_rt[20,11] alpha_rt[20,12] alpha_rt[20,13] 
  -1.472448e-02   -7.140826e-02   -5.816635e-02   -3.439963e-02   -8.178250e-02   -1.317077e-01   -9.635145e-02   -1.002795e-01   -9.630663e-02   -8.318718e-02   -8.217383e-02 
alpha_rt[20,14] alpha_rt[20,15] alpha_rt[20,16] alpha_rt[20,17] alpha_rt[20,18] alpha_rt[20,19] alpha_rt[20,20] alpha_rt[20,21] alpha_rt[20,22] alpha_rt[20,23] alpha_rt[20,24] 
  -2.826674e-02   -2.933132e-02   -3.349696e-02   -4.431577e-02   -6.737026e-02   -6.431811e-02   -5.058019e-02   -1.162608e-02   -1.386787e-02    8.859126e-03    1.030871e-02 
alpha_rt[20,25] alpha_rt[20,26] alpha_rt[20,27] alpha_rt[20,28] alpha_rt[20,29] alpha_rt[20,30] alpha_rt[20,31] alpha_rt[20,32] alpha_rt[20,33] alpha_rt[20,34]  alpha_rt[21,1] 
  -2.676355e-02    2.614767e-02    4.429537e-02    2.556316e-02    2.398086e-02    6.603265e-02    1.042920e-01    1.311161e-01    1.289461e-01    1.215280e-01    3.876618e-02 
 alpha_rt[21,2]  alpha_rt[21,3]  alpha_rt[21,4]  alpha_rt[21,5]  alpha_rt[21,6]  alpha_rt[21,7]  alpha_rt[21,8]  alpha_rt[21,9] alpha_rt[21,10] alpha_rt[21,11] alpha_rt[21,12] 
   1.187707e-02    1.195459e-02    1.451023e-02    6.765966e-04   -5.552725e-03   -1.884443e-04   -2.251993e-02   -5.221030e-02   -3.359619e-02   -3.228512e-02   -4.394708e-02 
alpha_rt[21,13] alpha_rt[21,14] alpha_rt[21,15] alpha_rt[21,16] alpha_rt[21,17] alpha_rt[21,18] alpha_rt[21,19] alpha_rt[21,20] alpha_rt[21,21] alpha_rt[21,22] alpha_rt[21,23] 
  -5.091843e-02   -5.986544e-02   -1.585182e-02   -9.011830e-02   -1.048842e-01   -1.071088e-01   -1.080220e-01   -5.097970e-02   -4.330804e-02   -3.215879e-02   -4.390359e-03 
alpha_rt[21,24] alpha_rt[21,25] alpha_rt[21,26] alpha_rt[21,27] alpha_rt[21,28] alpha_rt[21,29] alpha_rt[21,30] alpha_rt[21,31] alpha_rt[21,32] alpha_rt[21,33] alpha_rt[21,34] 
   9.045605e-03    1.708429e-02    3.394694e-02    4.602312e-02    4.407739e-02    7.280039e-02    1.237583e-01    1.797362e-01    1.750984e-01    1.745654e-01    1.784217e-01 
 alpha_rt[22,1]  alpha_rt[22,2]  alpha_rt[22,3]  alpha_rt[22,4]  alpha_rt[22,5]  alpha_rt[22,6]  alpha_rt[22,7]  alpha_rt[22,8]  alpha_rt[22,9] alpha_rt[22,10] alpha_rt[22,11] 
   2.281723e-02    9.112522e-03   -3.097710e-03    6.433727e-03    4.329549e-02    5.646555e-02    5.131435e-02    4.380688e-02    1.523678e-02    2.570261e-02    2.304007e-02 
alpha_rt[22,12] alpha_rt[22,13] alpha_rt[22,14] alpha_rt[22,15] alpha_rt[22,16] alpha_rt[22,17] alpha_rt[22,18] alpha_rt[22,19] alpha_rt[22,20] alpha_rt[22,21] alpha_rt[22,22] 
   3.988453e-02    4.935152e-02    3.086946e-02    7.739869e-03   -8.334288e-03    1.797170e-02    3.920932e-03    4.518280e-02    4.902135e-02    2.836653e-02    1.100443e-03 
alpha_rt[22,23] alpha_rt[22,24] alpha_rt[22,25] alpha_rt[22,26] alpha_rt[22,27] alpha_rt[22,28] alpha_rt[22,29] alpha_rt[22,30] alpha_rt[22,31] alpha_rt[22,32] alpha_rt[22,33] 
  -9.320337e-03    6.147003e-03   -2.980922e-02   -1.579689e-02   -2.004904e-02   -8.375769e-04    1.420687e-02    3.016997e-02    3.852570e-02    1.966918e-02    1.031737e-02 
alpha_rt[22,34]  alpha_rt[23,1]  alpha_rt[23,2]  alpha_rt[23,3]  alpha_rt[23,4]  alpha_rt[23,5]  alpha_rt[23,6]  alpha_rt[23,7]  alpha_rt[23,8]  alpha_rt[23,9] alpha_rt[23,10] 
   5.649137e-02    1.867397e-02    3.814445e-02    2.982085e-02    4.748230e-02    2.293674e-02    5.435412e-03   -8.228822e-03   -2.735648e-02   -1.142742e-02   -2.777315e-02 
alpha_rt[23,11] alpha_rt[23,12] alpha_rt[23,13] alpha_rt[23,14] alpha_rt[23,15] alpha_rt[23,16] alpha_rt[23,17] alpha_rt[23,18] alpha_rt[23,19] alpha_rt[23,20] alpha_rt[23,21] 
  -5.539982e-02   -7.796969e-02   -5.415043e-02   -3.394583e-02   -1.289124e-02    1.046777e-02    3.524577e-02    3.524200e-02    6.249391e-02    4.085774e-02    7.484429e-03 
alpha_rt[23,22] alpha_rt[23,23] alpha_rt[23,24] alpha_rt[23,25] alpha_rt[23,26] alpha_rt[23,27] alpha_rt[23,28] alpha_rt[23,29] alpha_rt[23,30] alpha_rt[23,31] alpha_rt[23,32] 
   3.261714e-02    2.831981e-02   -7.800118e-03   -3.134671e-02   -5.305426e-02   -7.740380e-02   -6.339085e-02   -6.558618e-02   -5.502202e-02   -4.008625e-02   -5.178779e-02 
alpha_rt[23,33] alpha_rt[23,34]  alpha_rt[24,1]  alpha_rt[24,2]  alpha_rt[24,3]  alpha_rt[24,4]  alpha_rt[24,5]  alpha_rt[24,6]  alpha_rt[24,7]  alpha_rt[24,8]  alpha_rt[24,9] 
  -3.975641e-02   -3.512922e-02   -1.606341e-03   -3.207731e-02   -3.022257e-02   -6.241086e-02   -4.851630e-02   -6.848533e-02   -4.495347e-02   -5.431732e-02   -1.849012e-02 
alpha_rt[24,10] alpha_rt[24,11] alpha_rt[24,12] alpha_rt[24,13] alpha_rt[24,14] alpha_rt[24,15] alpha_rt[24,16] alpha_rt[24,17] alpha_rt[24,18] alpha_rt[24,19] alpha_rt[24,20] 
  -2.080613e-03    1.861292e-02    2.795794e-02    5.586499e-02    4.250933e-02    5.599428e-02    6.370171e-04    4.660932e-02    6.052846e-02    1.711640e-02    2.211403e-02 
alpha_rt[24,21] alpha_rt[24,22] alpha_rt[24,23] alpha_rt[24,24] alpha_rt[24,25] alpha_rt[24,26] alpha_rt[24,27] alpha_rt[24,28] alpha_rt[24,29] alpha_rt[24,30] alpha_rt[24,31] 
   8.372549e-04   -1.166710e-02    2.991260e-02    5.994625e-02    1.238800e-01    1.106544e-01    1.357331e-01    1.440333e-01    1.586959e-01    1.720315e-01    1.607429e-01 
alpha_rt[24,32] alpha_rt[24,33] alpha_rt[24,34]  alpha_rt[25,1]  alpha_rt[25,2]  alpha_rt[25,3]  alpha_rt[25,4]  alpha_rt[25,5]  alpha_rt[25,6]  alpha_rt[25,7]  alpha_rt[25,8] 
   1.745606e-01    1.810731e-01    1.640177e-01    3.987557e-02    3.101614e-02    1.511262e-02   -5.678529e-03   -5.414707e-02   -5.881995e-02   -5.417221e-02   -3.051505e-02 
 alpha_rt[25,9] alpha_rt[25,10] alpha_rt[25,11] alpha_rt[25,12] alpha_rt[25,13] alpha_rt[25,14] alpha_rt[25,15] alpha_rt[25,16] alpha_rt[25,17] alpha_rt[25,18] alpha_rt[25,19] 
  -2.071852e-02   -1.986590e-02   -2.758612e-02   -6.073504e-02   -8.131364e-02   -1.068510e-01   -1.384783e-01   -1.535709e-01   -1.522168e-01   -1.331218e-01   -8.674480e-02 
alpha_rt[25,20] alpha_rt[25,21] alpha_rt[25,22] alpha_rt[25,23] alpha_rt[25,24] alpha_rt[25,25] alpha_rt[25,26] alpha_rt[25,27] alpha_rt[25,28] alpha_rt[25,29] alpha_rt[25,30] 
  -7.973593e-02   -5.656442e-02   -6.503175e-02   -6.938146e-02   -6.678180e-02   -6.607408e-02   -7.117259e-02   -6.229264e-02   -4.613718e-02   -6.979026e-02   -5.263823e-02 
alpha_rt[25,31] alpha_rt[25,32] alpha_rt[25,33] alpha_rt[25,34]  alpha_rt[26,1]  alpha_rt[26,2]  alpha_rt[26,3]  alpha_rt[26,4]  alpha_rt[26,5]  alpha_rt[26,6]  alpha_rt[26,7] 
  -6.204063e-02   -5.360355e-02   -5.546824e-02   -7.815652e-02    1.338874e-02    1.511595e-02   -1.401692e-02    2.000811e-03    4.925592e-02    3.675692e-02    3.971617e-02 
 alpha_rt[26,8]  alpha_rt[26,9] alpha_rt[26,10] alpha_rt[26,11] alpha_rt[26,12] alpha_rt[26,13] alpha_rt[26,14] alpha_rt[26,15] alpha_rt[26,16] alpha_rt[26,17] alpha_rt[26,18] 
   3.879340e-02    2.217263e-02    3.026371e-02   -3.159087e-02   -6.729426e-03    3.367777e-02    6.175215e-02    6.240115e-02    6.372169e-02    3.897531e-02    1.291444e-02 
alpha_rt[26,19] alpha_rt[26,20] alpha_rt[26,21] alpha_rt[26,22] alpha_rt[26,23] alpha_rt[26,24] alpha_rt[26,25] alpha_rt[26,26] alpha_rt[26,27] alpha_rt[26,28] alpha_rt[26,29] 
   4.287288e-02    5.441668e-02    7.193456e-02    6.374051e-02    9.116241e-02    3.940912e-02    2.251322e-02    2.406840e-02    2.260306e-02    4.491824e-02    7.546740e-02 
alpha_rt[26,30] alpha_rt[26,31] alpha_rt[26,32] alpha_rt[26,33] alpha_rt[26,34]  alpha_rt[27,1]  alpha_rt[27,2]  alpha_rt[27,3]  alpha_rt[27,4]  alpha_rt[27,5]  alpha_rt[27,6] 
   1.226630e-01    1.081628e-01    1.001988e-01    9.390294e-02    9.585666e-02   -2.392911e-02   -2.965318e-02    2.331849e-02   -1.859383e-02   -5.318501e-02   -6.125986e-02 
 alpha_rt[27,7]  alpha_rt[27,8]  alpha_rt[27,9] alpha_rt[27,10] alpha_rt[27,11] alpha_rt[27,12] alpha_rt[27,13] alpha_rt[27,14] alpha_rt[27,15] alpha_rt[27,16] alpha_rt[27,17] 
  -5.560791e-02   -8.478567e-03   -1.600195e-02   -7.156514e-02   -9.477749e-02   -1.297375e-01   -1.523098e-01   -1.571255e-01   -1.683760e-01   -1.008557e-01   -1.026764e-01 
alpha_rt[27,18] alpha_rt[27,19] alpha_rt[27,20] alpha_rt[27,21] alpha_rt[27,22] alpha_rt[27,23] alpha_rt[27,24] alpha_rt[27,25] alpha_rt[27,26] alpha_rt[27,27] alpha_rt[27,28] 
  -1.072952e-01   -8.433723e-02   -7.999737e-02   -5.509851e-02   -6.610465e-02   -6.704084e-02   -5.421513e-02   -4.804194e-02   -1.301996e-02   -1.349993e-02   -1.333093e-02 
alpha_rt[27,29] alpha_rt[27,30] alpha_rt[27,31] alpha_rt[27,32] alpha_rt[27,33] alpha_rt[27,34]  alpha_rt[28,1]  alpha_rt[28,2]  alpha_rt[28,3]  alpha_rt[28,4]  alpha_rt[28,5] 
   1.030959e-02    1.248879e-02    2.421512e-02    3.682056e-03    6.724605e-03   -3.833019e-02   -8.648541e-04    3.927629e-03    2.153878e-02    7.491757e-03   -4.542693e-02 
 alpha_rt[28,6]  alpha_rt[28,7]  alpha_rt[28,8]  alpha_rt[28,9] alpha_rt[28,10] alpha_rt[28,11] alpha_rt[28,12] alpha_rt[28,13] alpha_rt[28,14] alpha_rt[28,15] alpha_rt[28,16] 
  -3.622124e-02   -8.938571e-03    1.575613e-02   -2.249880e-02   -4.343736e-02   -7.916929e-02   -5.592681e-02   -5.625287e-04   -2.917468e-02   -4.314249e-02   -4.898207e-02 
alpha_rt[28,17] alpha_rt[28,18] alpha_rt[28,19] alpha_rt[28,20] alpha_rt[28,21] alpha_rt[28,22] alpha_rt[28,23] alpha_rt[28,24] alpha_rt[28,25] alpha_rt[28,26] alpha_rt[28,27] 
  -9.870649e-03    2.001942e-02    7.663731e-03    2.601006e-02    1.643240e-02   -3.339764e-03   -1.798262e-02   -2.473385e-02   -5.255427e-02   -7.586518e-02   -8.028173e-02 
alpha_rt[28,28] alpha_rt[28,29] alpha_rt[28,30] alpha_rt[28,31] alpha_rt[28,32] alpha_rt[28,33] alpha_rt[28,34]  alpha_rt[29,1]  alpha_rt[29,2]  alpha_rt[29,3]  alpha_rt[29,4] 
  -9.392849e-02   -6.887199e-02   -6.776855e-02   -3.642172e-02   -6.847695e-04    8.048488e-03   -1.412367e-02   -1.276646e-02    1.898135e-02    3.253963e-02   -2.083931e-02 
 alpha_rt[29,5]  alpha_rt[29,6]  alpha_rt[29,7]  alpha_rt[29,8]  alpha_rt[29,9] alpha_rt[29,10] alpha_rt[29,11] alpha_rt[29,12] alpha_rt[29,13] alpha_rt[29,14] alpha_rt[29,15] 
  -5.538800e-02   -2.896869e-02    5.598395e-03   -2.242797e-02   -1.049119e-02   -6.673188e-02   -9.226039e-02   -9.697337e-02   -1.271445e-01   -1.259516e-01   -1.297935e-01 
alpha_rt[29,16] alpha_rt[29,17] alpha_rt[29,18] alpha_rt[29,19] alpha_rt[29,20] alpha_rt[29,21] alpha_rt[29,22] alpha_rt[29,23] alpha_rt[29,24] alpha_rt[29,25] alpha_rt[29,26] 
  -1.630156e-01   -1.638759e-01   -2.080571e-01   -1.968819e-01   -2.439657e-01   -2.632593e-01   -2.699887e-01   -3.040855e-01   -2.869886e-01   -2.867772e-01   -2.694048e-01 
alpha_rt[29,27] alpha_rt[29,28] alpha_rt[29,29] alpha_rt[29,30] alpha_rt[29,31] alpha_rt[29,32] alpha_rt[29,33] alpha_rt[29,34]  alpha_rt[30,1]  alpha_rt[30,2]  alpha_rt[30,3] 
  -2.249898e-01   -1.993882e-01   -2.057385e-01   -1.774488e-01   -1.526064e-01   -1.751609e-01   -1.958580e-01   -1.966655e-01   -1.123970e-02   -9.675093e-03   -2.361778e-02 
 alpha_rt[30,4]  alpha_rt[30,5]  alpha_rt[30,6]  alpha_rt[30,7]  alpha_rt[30,8]  alpha_rt[30,9] alpha_rt[30,10] alpha_rt[30,11] alpha_rt[30,12] alpha_rt[30,13] 
  -2.465869e-02    2.465343e-02    4.865102e-02    5.105108e-02    4.479303e-02    1.588285e-02    1.775397e-02   -1.603883e-02   -6.765865e-02   -9.308195e-02 
 [ reached getOption("max.print") -- omitted 157 entries ]

$beta_rk
    beta_rk[1,1] beta_rk[1,2] beta_rk[1,3]           
prm  -1.07669370    0.2528105   0.06700681 0.75687638
prm  -0.00889284   -0.6137737  -0.11187959 0.73454612
prm  -0.97554853   -0.5152594   0.95330472 0.53750327
prm  -1.39351300   -0.2027924   0.31694557 1.27935988
prm  -1.23147743   -0.4495790   0.26696956 1.41408690
prm  -1.18557686   -0.3910413  -0.01417309 1.59079129
prm  -1.21762097    0.1795518   0.87123252 0.16683661
prm  -1.56312554   -0.8684992   1.34474501 1.08687974
prm  -1.69800171   -0.3292182   1.05903640 0.96818355
prm  -0.09937434   -0.5849079   0.03926058 0.64502161
prm  -0.03709962   -0.5333425  -1.02421946 1.59466159
prm  -1.08517642   -0.6209915   0.05851723 1.64765071
prm  -1.13370542    0.4890203   0.48504954 0.15963555
prm  -1.53218848    0.0960067   0.88711019 0.54907158
prm  -1.09823757   -0.8423409   0.67557951 1.26499892
prm   0.15238633   -1.3628565  -0.40553757 1.61600777
prm  -0.69621673   -0.8857420   0.30298634 1.27897238
prm  -1.50239276   -0.4801780   0.26819996 1.71437081
prm  -1.61251185   -0.7783486   1.78583166 0.60502882
prm  -1.82455038    0.1632596   0.39913061 1.26216014
prm  -0.35863024   -0.4549355   0.20761852 0.60594719
prm  -1.89381853   -0.2736376   1.08230797 1.08514821
prm  -1.04369264   -1.3992639   1.21260416 1.23035234
prm  -1.07120818   -0.2099155   0.60294192 0.67818174
prm  -0.75670795    0.1973763   0.49916116 0.06017045
prm  -0.68568963   -0.3405964   0.52460689 0.50167911
prm  -0.51920713   -0.6244842   0.32240532 0.82128599
prm  -1.11039602   -0.7817017   0.89231609 0.99978159
prm  -0.51485107   -0.3615529   0.75418720 0.12221678
prm  -0.71300364    0.3745361  -0.32516475 0.66363231
prm  -0.32993031   -0.2902053  -0.56061353 1.18074910
prm   0.03596628   -1.0671955  -0.88826953 1.91949876
prm  -0.55079508   -0.7798025   0.56677561 0.76382195
prm  -1.03557999    0.3171388  -0.13662048 0.85506170

$pai_0r
                pai_0r[1]    pai_0r[2]    pai_0r[3]    pai_0r[4]    pai_0r[5]    pai_0r[6]    pai_0r[7]    pai_0r[8]    pai_0r[9]   pai_0r[10]   pai_0r[11]   pai_0r[12]   pai_0r[13] 
 0.021461433  0.019405050  0.030070502  0.023729741 -0.032093394  0.007415211  0.018654243 -0.012412608 -0.020917693 -0.011431852 -0.042090884 -0.024099725 -0.010046471 -0.013632104 
  pai_0r[14]   pai_0r[15]   pai_0r[16]   pai_0r[17]   pai_0r[18]   pai_0r[19]   pai_0r[20]   pai_0r[21]   pai_0r[22]   pai_0r[23]   pai_0r[24]   pai_0r[25]   pai_0r[26]   pai_0r[27] 
 0.028178539 -0.000666820 -0.017523250  0.002068009 -0.023758162 -0.010468960 -0.027860460  0.022981207 -0.045235948 -0.015355892  0.005430576  0.043409234 -0.027228400  0.054328389 
  pai_0r[28]   pai_0r[29]   pai_0r[30]   pai_0r[31]   pai_0r[32]   pai_0r[33]   pai_0r[34] 
-0.020525177  0.052868942 -0.003705439  0.010040445  0.009489757  0.021849764 -0.012327801 

$pai_1r
                pai_1r[1]    pai_1r[2]    pai_1r[3]    pai_1r[4]    pai_1r[5]    pai_1r[6]    pai_1r[7]    pai_1r[8]    pai_1r[9]   pai_1r[10]   pai_1r[11]   pai_1r[12]   pai_1r[13] 
4.680806e-08 1.666830e+00 1.655362e+00 1.579720e+00 1.615584e+00 1.681703e+00 1.620229e+00 1.529649e+00 1.750199e+00 1.542367e+00 1.762652e+00 1.585051e+00 1.749389e+00 1.814759e+00 
  pai_1r[14]   pai_1r[15]   pai_1r[16]   pai_1r[17]   pai_1r[18]   pai_1r[19]   pai_1r[20]   pai_1r[21]   pai_1r[22]   pai_1r[23]   pai_1r[24]   pai_1r[25]   pai_1r[26]   pai_1r[27] 
1.826104e+00 1.662298e+00 1.693957e+00 1.611768e+00 1.570050e+00 1.556383e+00 1.544276e+00 1.618918e+00 1.792982e+00 1.518430e+00 1.655485e+00 1.645113e+00 1.647312e+00 1.727347e+00 
  pai_1r[28]   pai_1r[29]   pai_1r[30]   pai_1r[31]   pai_1r[32]   pai_1r[33]   pai_1r[34] 
1.642897e+00 1.639256e+00 1.758816e+00 1.565506e+00 1.520337e+00 1.523507e+00 1.656895e+00 

